10.0 2.2294091292476965 1.6649906042492983 1.5830625182642435 1.4851411253819191 1.4362202309767498 1.4144593183861929 1.4070139981702088 1.1607563121355384 1.1269302715074498 1.0193820026016112 0.9490212416933572 0.9444187606366312 0.9174438023414502 0.9039332870517736 
2.2294091292476965 1.6649906042492983 1.5830625182642435 1.4851411253819191 1.4144593183861929 1.4070139981702088 1.1607563121355384 1.1269302715074498 0.9039332870517736 0.9039332870517736 0.8 0.7879212171706345 0.7642795657804714 0.7470574467651518 0.7397946958320278 
10.0 2.2294091292476965 1.6649906042492983 1.5830625182642435 1.4851411253819191 1.4362202309767498 1.4070139981702088 1.274227503252014 1.1607563121355384 1.1533283672995112 1.1269302715074498 1.1117014840546464 1.0193820026016112 0.9908485018878651 0.9490212416933572 
2.2294091292476965 1.6649906042492983 1.5830625182642435 1.4851411253819191 1.4144593183861929 1.4070139981702088 1.274227503252014 1.1607563121355384 1.1269302715074498 1.059623747766966 1.0193820026016112 0.9490212416933572 0.9039332870517736 0.8663106507577831 0.8486755910317157 
10.0 10.0 10.0 10.0 10.0 2.2294091292476965 1.6649906042492983 1.5830625182642435 1.4851411253819191 1.4070139981702088 1.274227503252014 1.1607563121355384 1.1269302715074498 1.1117014840546464 0.9490212416933572 
2.2294091292476965 1.6649906042492983 1.5830625182642435 1.4851411253819191 1.4362202309767498 1.4144593183861929 1.4070139981702088 1.28 1.274227503252014 1.1607563121355384 1.1269302715074498 1.1117014840546464 0.9908485018878651 0.9039332870517736 0.8812925359409192 
2.2294091292476965 1.6649906042492983 1.5830625182642435 1.4851411253819191 1.4362202309767498 1.4144593183861929 1.4070139981702088 1.274227503252014 1.1607563121355384 1.1533283672995112 1.1117014840546464 1.0193820026016112 0.9039332870517736 0.8812925359409192 0.8486755910317157 
2.2294091292476965 1.6649906042492983 1.5830625182642435 1.4851411253819191 1.4144593183861929 1.4070139981702088 1.274227503252014 1.1607563121355384 1.1269302715074498 1.1117014840546464 1.0193820026016112 0.9908485018878651 0.9490212416933572 0.9039332870517736 0.8812925359409192 
2.2294091292476965 1.6649906042492983 1.5830625182642435 1.4851411253819191 1.4144593183861929 1.4070139981702088 1.1607563121355384 1.1269302715074498 1.1117014840546464 0.9490212416933572 0.9039332870517736 0.8486755910317157 0.8066385973116684 0.805153765850602 0.8 
2.2294091292476965 1.6649906042492983 1.5830625182642435 1.4851411253819191 1.4362202309767498 1.4070139981702088 1.274227503252014 1.1607563121355384 1.1533283672995112 1.1269302715074498 1.1117014840546464 0.9174438023414502 0.9039332870517736 0.8812925359409192 0.8663106507577831 
10.0 10.0 10.0 10.0 10.0 1.6649906042492983 1.5830625182642435 1.4362202309767498 1.4144593183861929 1.4070139981702088 1.28 1.274227503252014 1.1533283672995112 1.1269302715074498 1.0193820026016112 
10.0 2.2294091292476965 1.6649906042492983 1.5830625182642435 1.4851411253819191 1.4362202309767498 1.4070139981702088 1.1607563121355384 1.1533283672995112 1.1269302715074498 1.1117014840546464 0.9039332870517736 0.8812925359409192 0.8663106507577831 0.8388573576367834 
2.2294091292476965 1.6649906042492983 1.5830625182642435 1.4851411253819191 1.4362202309767498 1.4144593183861929 1.4070139981702088 1.1607563121355384 1.1533283672995112 1.1269302715074498 0.9039332870517736 0.8917636516990785 0.8663106507577831 0.8388573576367834 0.8179495751764762 
2.2294091292476965 1.6649906042492983 1.5830625182642435 1.4851411253819191 1.4070139981702088 1.274227503252014 1.1607563121355384 1.1269302715074498 1.1117014840546464 1.0193820026016112 0.9908485018878651 0.9490212416933572 0.9174438023414502 0.9039332870517736 0.8663106507577831 
1.6649906042492983 1.5830625182642435 1.4362202309767498 1.4070139981702088 1.1607563121355384 1.1269302715074498 1.1117014840546464 1.059623747766966 1.0193820026016112 0.9039332870517736 0.8812925359409192 0.8066385973116684 0.805153765850602 0.7879212171706345 0.7642795657804714 
2.2294091292476965 1.6649906042492983 1.5830625182642435 1.4851411253819191 1.4362202309767498 1.4144593183861929 1.4070139981702088 1.1607563121355384 1.1269302715074498 0.9490212416933572 0.9444187606366312 0.9174438023414502 0.9039332870517736 0.8917636516990785 0.8812925359409192 
2.2294091292476965 1.6649906042492983 1.5830625182642435 1.4851411253819191 1.4144593183861929 1.4070139981702088 1.274227503252014 1.1607563121355384 1.1269302715074498 1.1117014840546464 1.059623747766966 1.0193820026016112 0.9490212416933572 0.9174438023414502 0.9039332870517736 
10.0 1.6649906042492983 1.5830625182642435 1.4362202309767498 1.4144593183861929 1.4070139981702088 1.274227503252014 1.1533283672995112 1.0193820026016112 0.8089383822808741 0.8 0.7879212171706345 0.7828464048563412 0.7681030524542245 0.7642795657804714 
1.6649906042492983 1.5830625182642435 1.4144593183861929 1.4070139981702088 1.1607563121355384 1.1269302715074498 1.059623747766966 1.0193820026016112 0.8917636516990785 0.8812925359409192 0.8663106507577831 0.8486755910317157 0.8388573576367834 0.8066385973116684 0.8 
2.2294091292476965 1.6649906042492983 1.5830625182642435 1.4851411253819191 1.4362202309767498 1.4144593183861929 1.4070139981702088 1.274227503252014 1.1607563121355384 1.1533283672995112 1.1117014840546464 0.9908485018878651 0.9174438023414502 0.9039332870517736 0.8486755910317157 
10.0 2.2294091292476965 1.6649906042492983 1.5830625182642435 1.4851411253819191 1.4362202309767498 1.4070139981702088 1.274227503252014 1.1607563121355384 1.1269302715074498 1.1117014840546464 1.059623747766966 1.0193820026016112 0.9908485018878651 0.9174438023414502 
10.0 10.0 2.2294091292476965 1.6649906042492983 1.5830625182642435 1.4851411253819191 1.4362202309767498 1.4144593183861929 1.4070139981702088 1.274227503252014 1.1607563121355384 1.1533283672995112 1.1269302715074498 1.1117014840546464 1.0193820026016112 
2.2294091292476965 1.6649906042492983 1.5830625182642435 1.4851411253819191 1.4362202309767498 1.4144593183861929 1.4070139981702088 1.274227503252014 1.1607563121355384 1.1533283672995112 1.1269302715074498 1.0193820026016112 0.9490212416933572 0.9039332870517736 0.8917636516990785 
2.2294091292476965 1.6649906042492983 1.5830625182642435 1.4851411253819191 1.4070139981702088 1.274227503252014 1.1607563121355384 1.1117014840546464 0.9444187606366312 0.9039332870517736 0.8089383822808741 0.8027559465411366 0.7879212171706345 0.78 0.7681030524542245 
10.0 2.2294091292476965 1.6649906042492983 1.5830625182642435 1.4851411253819191 1.4362202309767498 1.4144593183861929 1.4070139981702088 1.1607563121355384 1.1533283672995112 1.1269302715074498 0.9490212416933572 0.9039332870517736 0.8917636516990785 0.8812925359409192 
2.2294091292476965 1.6649906042492983 1.5830625182642435 1.4851411253819191 1.4362202309767498 1.416628140954947 1.4144593183861929 1.4070139981702088 1.274227503252014 1.1607563121355384 1.1533283672995112 1.1117014840546464 0.9908485018878651 0.9490212416933572 0.9039332870517736 
1.6649906042492983 1.5830625182642435 1.4144593183861929 1.4070139981702088 1.274227503252014 1.1269302715074498 1.1117014840546464 1.0193820026016112 0.9174438023414502 0.8917636516990785 0.8812925359409192 0.8486755910317157 0.8388573576367834 0.8179495751764762 0.8089383822808741 
2.2294091292476965 1.6649906042492983 1.5830625182642435 1.4851411253819191 1.4362202309767498 1.4144593183861929 1.4070139981702088 1.274227503252014 1.1607563121355384 1.1533283672995112 1.1269302715074498 1.1117014840546464 1.0193820026016112 0.9908485018878651 0.9490212416933572 
2.2294091292476965 1.6649906042492983 1.5830625182642435 1.4851411253819191 1.4144593183861929 1.4070139981702088 1.274227503252014 1.1607563121355384 0.9908485018878651 0.9174438023414502 0.9039332870517736 0.8917636516990785 0.8388573576367834 0.8089383822808741 0.8027559465411366 
2.2294091292476965 1.6649906042492983 1.5830625182642435 1.4851411253819191 1.4362202309767498 1.4144593183861929 1.4070139981702088 1.274227503252014 1.1607563121355384 1.1533283672995112 0.9490212416933572 0.9174438023414502 0.9039332870517736 0.8917636516990785 0.8812925359409192 
2.2294091292476965 1.6649906042492983 1.5830625182642435 1.4851411253819191 1.4362202309767498 1.4144593183861929 1.4070139981702088 1.274227503252014 1.1607563121355384 1.1269302715074498 1.1117014840546464 1.0193820026016112 0.9908485018878651 0.9039332870517736 0.8812925359409192 
10.0 10.0 2.2294091292476965 1.6649906042492983 1.5830625182642435 1.4851411253819191 1.4362202309767498 1.4144593183861929 1.4070139981702088 1.28 1.274227503252014 1.1607563121355384 1.1533283672995112 1.1269302715074498 1.1117014840546464 
2.2294091292476965 1.6649906042492983 1.5830625182642435 1.4851411253819191 1.4144593183861929 1.4070139981702088 1.274227503252014 1.1607563121355384 1.1269302715074498 1.1117014840546464 1.059623747766966 1.0193820026016112 0.9908485018878651 0.9039332870517736 0.8812925359409192 
10.0 2.2294091292476965 1.6649906042492983 1.5830625182642435 1.4851411253819191 1.4362202309767498 1.4144593183861929 1.4070139981702088 1.274227503252014 1.1607563121355384 1.1533283672995112 1.1269302715074498 1.1117014840546464 1.0193820026016112 0.9908485018878651 
2.2294091292476965 1.6649906042492983 1.5830625182642435 1.4851411253819191 1.4362202309767498 1.4070139981702088 1.28 1.274227503252014 1.1607563121355384 1.1533283672995112 0.9039332870517736 0.8812925359409192 0.8027559465411366 0.8 0.7879212171706345 
2.2294091292476965 1.6649906042492983 1.5830625182642435 1.4851411253819191 1.4362202309767498 1.4070139981702088 1.274227503252014 1.1607563121355384 1.1533283672995112 1.1117014840546464 1.0193820026016112 0.9908485018878651 0.9174438023414502 0.9039332870517736 0.8486755910317157 
2.2294091292476965 1.6649906042492983 1.5830625182642435 1.4851411253819191 1.4362202309767498 1.4070139981702088 1.274227503252014 1.1607563121355384 1.1533283672995112 1.1269302715074498 1.1117014840546464 0.9908485018878651 0.9174438023414502 0.9039332870517736 0.8917636516990785 
10.0 10.0 10.0 2.2294091292476965 1.6649906042492983 1.5830625182642435 1.4851411253819191 1.4362202309767498 1.4070139981702088 1.274227503252014 1.1607563121355384 1.1533283672995112 1.1269302715074498 1.0193820026016112 0.9174438023414502 
10.0 2.2294091292476965 1.6649906042492983 1.5830625182642435 1.4851411253819191 1.4362202309767498 1.4070139981702088 1.274227503252014 1.1607563121355384 1.1269302715074498 1.1117014840546464 1.0193820026016112 0.9908485018878651 0.9444187606366312 0.9174438023414502 
2.2294091292476965 1.6649906042492983 1.5830625182642435 1.4851411253819191 1.4362202309767498 1.416628140954947 1.4144593183861929 1.4070139981702088 1.274227503252014 1.1607563121355384 1.1533283672995112 1.1117014840546464 1.0193820026016112 0.9908485018878651 0.9174438023414502 
10.0 2.2294091292476965 1.6649906042492983 1.5830625182642435 1.4851411253819191 1.4362202309767498 1.4070139981702088 1.28 1.274227503252014 1.1607563121355384 1.1269302715074498 1.1117014840546464 1.059623747766966 1.0193820026016112 0.9908485018878651 
2.2294091292476965 1.6649906042492983 1.5830625182642435 1.4851411253819191 1.4362202309767498 1.4144593183861929 1.4070139981702088 1.274227503252014 1.1607563121355384 1.1533283672995112 1.1117014840546464 1.0193820026016112 0.9908485018878651 0.9039332870517736 0.8663106507577831 
2.2294091292476965 1.6649906042492983 1.5830625182642435 1.4851411253819191 1.4070139981702088 1.1607563121355384 0.9490212416933572 0.9039332870517736 0.7879212171706345 0.7879212171706345 0.7828464048563412 0.7470574467651518 0.7095390317718222 0.6854497501762704 0.6833587673034616 
2.2294091292476965 1.6649906042492983 1.5830625182642435 1.4851411253819191 1.4362202309767498 1.4144593183861929 1.4070139981702088 1.274227503252014 1.1607563121355384 1.1269302715074498 1.0193820026016112 0.9444187606366312 0.9174438023414502 0.9174438023414502 0.9039332870517736 
10.0 10.0 2.2294091292476965 1.6649906042492983 1.5830625182642435 1.4851411253819191 1.4362202309767498 1.4144593183861929 1.4070139981702088 1.28 1.1607563121355384 1.1533283672995112 1.1269302715074498 1.0193820026016112 0.9174438023414502 
10.0 1.6649906042492983 1.5830625182642435 1.4362202309767498 1.4144593183861929 1.4070139981702088 1.28 1.274227503252014 1.1607563121355384 1.1533283672995112 1.1117014840546464 1.0193820026016112 0.9908485018878651 0.9525318508717613 0.9444187606366312 
2.2294091292476965 1.6649906042492983 1.5830625182642435 1.4851411253819191 1.4362202309767498 1.4144593183861929 1.4070139981702088 1.274227503252014 1.1607563121355384 1.1533283672995112 1.1269302715074498 1.1117014840546464 0.9908485018878651 0.9490212416933572 0.9174438023414502 
1.6649906042492983 1.5830625182642435 1.4144593183861929 1.4070139981702088 1.1607563121355384 0.9039332870517736 0.8388573576367834 0.8 0.7879212171706345 0.7642795657804714 0.6938938428428519 0.6706601807158319 0.668822738774309 0.6679571721822846 0.6440515262271123 
10.0 1.4851411253819191 1.4144593183861929 1.4070139981702088 1.1269302715074498 0.9174438023414502 0.8917636516990785 0.8388573576367834 0.8089383822808741 0.8066385973116684 0.8 0.7879212171706345 0.72 0.7135674018211279 0.7095390317718222 
10.0 2.2294091292476965 1.6649906042492983 1.5830625182642435 1.4851411253819191 1.4362202309767498 1.4144593183861929 1.4070139981702088 1.274227503252014 1.1607563121355384 1.1269302715074498 1.1117014840546464 0.9490212416933572 0.9039332870517736 0.8812925359409192 
2.2294091292476965 1.6649906042492983 1.5830625182642435 1.4851411253819191 1.4144593183861929 1.4070139981702088 1.274227503252014 1.1607563121355384 1.1117014840546464 0.9908485018878651 0.9174438023414502 0.9039332870517736 0.8179495751764762 0.8066385973116684 0.805153765850602 
2.2294091292476965 1.6649906042492983 1.5830625182642435 1.4851411253819191 1.4362202309767498 1.4070139981702088 1.274227503252014 1.1607563121355384 1.1533283672995112 1.1117014840546464 1.0193820026016112 0.9908485018878651 0.9039332870517736 0.8179495751764762 0.8066385973116684 
10.0 2.2294091292476965 1.6649906042492983 1.5830625182642435 1.4851411253819191 1.4362202309767498 1.4070139981702088 1.28 1.274227503252014 1.1607563121355384 1.1533283672995112 1.1117014840546464 1.0193820026016112 0.9908485018878651 0.9444187606366312 
10.0 2.2294091292476965 1.6649906042492983 1.5830625182642435 1.4851411253819191 1.4070139981702088 1.274227503252014 1.1607563121355384 1.1269302715074498 1.1117014840546464 0.9908485018878651 0.9490212416933572 0.9174438023414502 0.9174438023414502 0.9039332870517736 
2.2294091292476965 1.6649906042492983 1.5830625182642435 1.4851411253819191 1.4362202309767498 1.4070139981702088 1.1607563121355384 1.1533283672995112 0.9039332870517736 0.8089383822808741 0.7879212171706345 0.7879212171706345 0.7828464048563412 0.7397946958320278 0.6833587673034616 
2.2294091292476965 1.6649906042492983 1.5830625182642435 1.4851411253819191 1.4070139981702088 1.274227503252014 1.1607563121355384 1.0193820026016112 0.9908485018878651 0.9174438023414502 0.9039332870517736 0.8812925359409192 0.8388573576367834 0.8179495751764762 0.8066385973116684 
10.0 2.2294091292476965 1.6649906042492983 1.5830625182642435 1.4851411253819191 1.4144593183861929 1.4070139981702088 1.274227503252014 1.1607563121355384 1.1269302715074498 0.9490212416933572 0.9174438023414502 0.9174438023414502 0.9039332870517736 0.8917636516990785 
2.2294091292476965 1.6649906042492983 1.5830625182642435 1.4851411253819191 1.4144593183861929 1.4070139981702088 1.274227503252014 1.1607563121355384 1.1269302715074498 1.0193820026016112 0.9908485018878651 0.9490212416933572 0.9174438023414502 0.9039332870517736 0.8917636516990785 
2.2294091292476965 1.6649906042492983 1.5830625182642435 1.4851411253819191 1.4362202309767498 1.4144593183861929 1.4070139981702088 1.274227503252014 1.1607563121355384 1.1533283672995112 1.1117014840546464 1.0193820026016112 0.9908485018878651 0.9444187606366312 0.9174438023414502 
10.0 2.2294091292476965 1.6649906042492983 1.5830625182642435 1.4851411253819191 1.4362202309767498 1.4144593183861929 1.4070139981702088 1.274227503252014 1.1607563121355384 1.1533283672995112 1.1269302715074498 1.1117014840546464 0.9174438023414502 0.9039332870517736 
2.2294091292476965 1.6649906042492983 1.5830625182642435 1.4851411253819191 1.4362202309767498 1.4070139981702088 1.274227503252014 1.1607563121355384 1.1533283672995112 1.1269302715074498 1.0193820026016112 0.9490212416933572 0.9174438023414502 0.9039332870517736 0.8812925359409192 
10.0 10.0 2.2294091292476965 1.6649906042492983 1.5830625182642435 1.4851411253819191 1.4362202309767498 1.4144593183861929 1.4070139981702088 1.274227503252014 1.1607563121355384 1.1533283672995112 1.1269302715074498 1.1117014840546464 0.9490212416933572 
2.2294091292476965 1.6649906042492983 1.5830625182642435 1.4851411253819191 1.4362202309767498 1.4144593183861929 1.4070139981702088 1.274227503252014 1.1607563121355384 1.1533283672995112 1.1269302715074498 1.1117014840546464 1.0193820026016112 0.9174438023414502 0.9039332870517736 
2.2294091292476965 1.6649906042492983 1.5830625182642435 1.4851411253819191 1.4362202309767498 1.4144593183861929 1.4070139981702088 1.1607563121355384 1.1533283672995112 1.1269302715074498 0.9039332870517736 0.8812925359409192 0.8663106507577831 0.8388573576367834 0.8066385973116684 
2.2294091292476965 1.6649906042492983 1.5830625182642435 1.4851411253819191 1.1607563121355384 0.9039332870517736 0.8089383822808741 0.8 0.7879212171706345 0.7879212171706345 0.7828464048563412 0.7470574467651518 0.7397946958320278 0.6833587673034616 0.6380840253145877 
10.0 10.0 2.2294091292476965 1.6649906042492983 1.5830625182642435 1.4851411253819191 1.4362202309767498 1.4144593183861929 1.4070139981702088 1.1607563121355384 1.1533283672995112 1.1269302715074498 1.1117014840546464 0.9039332870517736 0.8917636516990785 
10.0 2.2294091292476965 1.6649906042492983 1.5830625182642435 1.4851411253819191 1.4362202309767498 1.4144593183861929 1.4070139981702088 1.1607563121355384 1.1533283672995112 1.1269302715074498 0.9490212416933572 0.9039332870517736 0.8917636516990785 0.8812925359409192 
10.0 2.2294091292476965 1.6649906042492983 1.5830625182642435 1.4851411253819191 1.4362202309767498 1.4144593183861929 1.4070139981702088 1.1607563121355384 1.1533283672995112 1.1269302715074498 1.0193820026016112 0.9490212416933572 0.9174438023414502 0.9039332870517736 
2.2294091292476965 1.6649906042492983 1.5830625182642435 1.4851411253819191 1.4362202309767498 1.4144593183861929 1.4070139981702088 1.28 1.274227503252014 1.1607563121355384 1.1533283672995112 1.1269302715074498 1.1117014840546464 1.0193820026016112 0.9908485018878651 
2.2294091292476965 1.6649906042492983 1.5830625182642435 1.4851411253819191 1.4362202309767498 1.4144593183861929 1.4070139981702088 1.274227503252014 1.1607563121355384 1.1117014840546464 1.0193820026016112 0.9444187606366312 0.9039332870517736 0.8812925359409192 0.8486755910317157 
2.2294091292476965 1.6649906042492983 1.5830625182642435 1.4851411253819191 1.4144593183861929 1.4070139981702088 1.1607563121355384 0.9039332870517736 0.8066385973116684 0.8 0.7879212171706345 0.7397946958320278 0.7128807123556932 0.6938938428428519 0.6803899854082625 
10.0 10.0 2.2294091292476965 1.6649906042492983 1.5830625182642435 1.4851411253819191 1.4070139981702088 1.28 1.274227503252014 1.1607563121355384 1.1269302715074498 1.1117014840546464 1.0193820026016112 0.9908485018878651 0.9174438023414502 
10.0 2.2294091292476965 1.6649906042492983 1.5830625182642435 1.4851411253819191 1.4362202309767498 1.4144593183861929 1.4070139981702088 1.274227503252014 1.1607563121355384 1.1533283672995112 1.1269302715074498 1.1117014840546464 1.0193820026016112 0.9490212416933572 
10.0 2.2294091292476965 1.6649906042492983 1.5830625182642435 1.4851411253819191 1.4362202309767498 1.4070139981702088 1.28 1.274227503252014 1.1607563121355384 1.1533283672995112 1.1117014840546464 0.9039332870517736 0.8089383822808741 0.7879212171706345 
10.0 10.0 2.2294091292476965 1.6649906042492983 1.5830625182642435 1.4851411253819191 1.4362202309767498 1.4070139981702088 1.1607563121355384 1.1533283672995112 1.1269302715074498 1.0193820026016112 0.9490212416933572 0.9174438023414502 0.9039332870517736 
2.2294091292476965 1.6649906042492983 1.5830625182642435 1.4851411253819191 1.4144593183861929 1.4070139981702088 1.274227503252014 1.1607563121355384 1.0193820026016112 0.9039332870517736 0.8663106507577831 0.8388573576367834 0.8 0.7879212171706345 0.7642795657804714 
2.2294091292476965 1.6649906042492983 1.5830625182642435 1.4851411253819191 1.4362202309767498 1.4070139981702088 1.1607563121355384 1.1269302715074498 0.9039332870517736 0.8917636516990785 0.8388573576367834 0.8066385973116684 0.8 0.7879212171706345 0.7828464048563412 
10.0 2.2294091292476965 1.6649906042492983 1.5830625182642435 1.4851411253819191 1.4144593183861929 1.4070139981702088 1.274227503252014 1.1607563121355384 1.1269302715074498 1.1117014840546464 1.0193820026016112 0.9908485018878651 0.9490212416933572 0.9174438023414502 
2.2294091292476965 1.6649906042492983 1.5830625182642435 1.4851411253819191 1.4362202309767498 1.4144593183861929 1.4070139981702088 1.274227503252014 1.1607563121355384 1.1533283672995112 1.1269302715074498 1.1117014840546464 1.0193820026016112 0.9908485018878651 0.9525318508717613 
10.0 2.2294091292476965 1.6649906042492983 1.5830625182642435 1.4851411253819191 1.4362202309767498 1.4144593183861929 1.4070139981702088 1.274227503252014 1.1607563121355384 1.1533283672995112 1.1269302715074498 1.1117014840546464 1.0193820026016112 0.9908485018878651 
10.0 2.2294091292476965 1.6649906042492983 1.5830625182642435 1.4851411253819191 1.4144593183861929 1.4070139981702088 1.1607563121355384 1.1269302715074498 1.0193820026016112 0.9490212416933572 0.9174438023414502 0.9039332870517736 0.8917636516990785 0.8663106507577831 
10.0 1.4362202309767498 1.274227503252014 1.1607563121355384 1.1533283672995112 1.1269302715074498 1.0193820026016112 0.9490212416933572 0.8663106507577831 0.8066385973116684 0.8 0.794775692826113 0.7828464048563412 0.7642795657804714 0.72 
2.2294091292476965 1.6649906042492983 1.5830625182642435 1.4851411253819191 1.4144593183861929 1.4070139981702088 1.1607563121355384 1.1269302715074498 1.1117014840546464 1.0193820026016112 0.9039332870517736 0.8388573576367834 0.8179495751764762 0.8066385973116684 0.8 
10.0 2.2294091292476965 1.6649906042492983 1.5830625182642435 1.4851411253819191 1.4362202309767498 1.4144593183861929 1.4070139981702088 1.274227503252014 1.1607563121355384 1.1533283672995112 1.1269302715074498 1.1117014840546464 0.9039332870517736 0.8812925359409192 
10.0 1.6649906042492983 1.4362202309767498 1.4070139981702088 1.274227503252014 1.1533283672995112 1.1269302715074498 0.9490212416933572 0.8917636516990785 0.8663106507577831 0.8486755910317157 0.8388573576367834 0.8179495751764762 0.8066385973116684 0.8 
10.0 2.2294091292476965 1.6649906042492983 1.5830625182642435 1.4851411253819191 1.4144593183861929 1.4070139981702088 1.274227503252014 1.1607563121355384 1.1269302715074498 0.9908485018878651 0.9490212416933572 0.9174438023414502 0.9039332870517736 0.8663106507577831 
10.0 10.0 10.0 2.2294091292476965 1.6649906042492983 1.5830625182642435 1.4851411253819191 1.4362202309767498 1.4070139981702088 1.274227503252014 1.1607563121355384 1.1269302715074498 1.1117014840546464 1.0193820026016112 0.9490212416933572 
2.2294091292476965 1.6649906042492983 1.5830625182642435 1.4851411253819191 1.4144593183861929 1.4070139981702088 1.1607563121355384 1.1269302715074498 1.0193820026016112 0.9039332870517736 0.8486755910317157 0.8388573576367834 0.805153765850602 0.8 0.7879212171706345 
2.2294091292476965 1.6649906042492983 1.5830625182642435 1.4851411253819191 1.4362202309767498 1.4070139981702088 1.1607563121355384 1.1533283672995112 1.1269302715074498 0.9174438023414502 0.9039332870517736 0.8917636516990785 0.8812925359409192 0.8388573576367834 0.8066385973116684 
10.0 2.2294091292476965 1.6649906042492983 1.5830625182642435 1.4851411253819191 1.4144593183861929 1.4070139981702088 1.28 1.274227503252014 1.1607563121355384 1.1533283672995112 1.1269302715074498 1.1117014840546464 1.0193820026016112 0.9908485018878651 
10.0 2.2294091292476965 1.6649906042492983 1.5830625182642435 1.4851411253819191 1.4362202309767498 1.4070139981702088 1.274227503252014 1.1607563121355384 1.1533283672995112 1.1269302715074498 1.1117014840546464 1.0193820026016112 0.9490212416933572 0.9444187606366312 
10.0 2.2294091292476965 1.6649906042492983 1.5830625182642435 1.4851411253819191 1.4362202309767498 1.4144593183861929 1.4070139981702088 1.28 1.274227503252014 1.1607563121355384 1.1533283672995112 1.1269302715074498 1.1117014840546464 1.0193820026016112 
10.0 2.2294091292476965 1.6649906042492983 1.5830625182642435 1.4851411253819191 1.4362202309767498 1.4070139981702088 1.1607563121355384 1.1533283672995112 1.1269302715074498 1.1117014840546464 1.0193820026016112 0.9174438023414502 0.9039332870517736 0.8388573576367834 
2.2294091292476965 1.6649906042492983 1.5830625182642435 1.4851411253819191 1.4362202309767498 1.4144593183861929 1.4070139981702088 1.274227503252014 1.1607563121355384 1.1533283672995112 1.1117014840546464 0.9039332870517736 0.8812925359409192 0.8486755910317157 0.8388573576367834 
10.0 2.2294091292476965 1.6649906042492983 1.5830625182642435 1.4851411253819191 1.4144593183861929 1.4070139981702088 1.274227503252014 1.1607563121355384 1.1269302715074498 1.1117014840546464 1.0193820026016112 0.9908485018878651 0.9490212416933572 0.9039332870517736 
2.2294091292476965 1.6649906042492983 1.5830625182642435 1.4851411253819191 1.4362202309767498 1.4070139981702088 1.274227503252014 1.1607563121355384 1.1269302715074498 1.1117014840546464 1.0193820026016112 0.9908485018878651 0.9490212416933572 0.9174438023414502 0.9039332870517736 
2.2294091292476965 1.6649906042492983 1.5830625182642435 1.4851411253819191 1.4070139981702088 1.274227503252014 1.1607563121355384 1.1269302715074498 1.1117014840546464 1.0193820026016112 0.9174438023414502 0.9039332870517736 0.8812925359409192 0.8388573576367834 0.8066385973116684 
10.0 2.2294091292476965 1.6649906042492983 1.5830625182642435 1.4851411253819191 1.4362202309767498 1.4070139981702088 1.274227503252014 1.1607563121355384 1.1533283672995112 1.1269302715074498 1.1117014840546464 1.0193820026016112 0.9490212416933572 0.9174438023414502 
2.2294091292476965 1.6649906042492983 1.5830625182642435 1.4851411253819191 1.4144593183861929 1.4070139981702088 1.1607563121355384 1.1269302715074498 0.9490212416933572 0.9174438023414502 0.9039332870517736 0.8917636516990785 0.8812925359409192 0.8663106507577831 0.8388573576367834 
10.0 10.0 2.2294091292476965 1.6649906042492983 1.5830625182642435 1.4851411253819191 1.4144593183861929 1.4070139981702088 1.274227503252014 1.1607563121355384 1.1269302715074498 1.0193820026016112 0.9908485018878651 0.9490212416933572 0.9039332870517736 
