10.0 10.0 10.0 2.452350042172466 2.1543303464651244 1.98 1.760369737879807 1.760369737879807 1.6819803042926584 1.6157029825583515 1.4812983980794432 1.2466723333413885 1.1433529403858858 1.1233515881584817 1.1233515881584817 
10.0 10.0 10.0 2.452350042172466 2.1543303464651244 1.98 1.760369737879807 1.760369737879807 1.6819803042926584 1.6157029825583515 1.2466723333413885 1.1433529403858858 1.1233515881584817 1.1233515881584817 1.1213202028617724 
10.0 10.0 2.452350042172466 2.1543303464651244 1.98 1.760369737879807 1.760369737879807 1.6819803042926584 1.6157029825583515 1.4812983980794432 1.2466723333413885 1.1433529403858858 1.1233515881584817 1.1233515881584817 1.104239484515049 
10.0 10.0 2.452350042172466 2.1543303464651244 1.98 1.760369737879807 1.760369737879807 1.6819803042926584 1.6157029825583515 1.2466723333413885 1.1433529403858858 1.1233515881584817 1.1233515881584817 1.104239484515049 1.0791812460476249 
10.0 10.0 2.452350042172466 2.1543303464651244 1.98 1.760369737879807 1.760369737879807 1.6819803042926584 1.6157029825583515 1.4812983980794432 1.2466723333413885 1.1433529403858858 1.1233515881584817 1.1233515881584817 1.104239484515049 
10.0 10.0 10.0 2.452350042172466 2.1543303464651244 1.98 1.760369737879807 1.760369737879807 1.6819803042926584 1.6157029825583515 1.4812983980794432 1.2466723333413885 1.1433529403858858 1.1233515881584817 1.1233515881584817 
10.0 10.0 10.0 10.0 10.0 2.452350042172466 2.1543303464651244 1.98 1.760369737879807 1.760369737879807 1.6819803042926584 1.6157029825583515 1.4812983980794432 1.2466723333413885 1.1433529403858858 
10.0 10.0 10.0 10.0 10.0 2.452350042172466 2.1543303464651244 1.98 1.760369737879807 1.760369737879807 1.6819803042926584 1.6157029825583515 1.4812983980794432 1.2466723333413885 1.1433529403858858 
10.0 10.0 10.0 10.0 10.0 10.0 10.0 10.0 2.452350042172466 2.1543303464651244 1.98 1.760369737879807 1.760369737879807 1.6819803042926584 1.6157029825583515 
10.0 10.0 10.0 10.0 10.0 10.0 10.0 10.0 2.452350042172466 2.1543303464651244 1.98 1.760369737879807 1.760369737879807 1.6819803042926584 1.6157029825583515 
10.0 10.0 10.0 2.452350042172466 2.1543303464651244 1.98 1.760369737879807 1.760369737879807 1.6819803042926584 1.6157029825583515 1.4812983980794432 1.2466723333413885 1.1433529403858858 1.1233515881584817 1.1233515881584817 
10.0 10.0 10.0 10.0 10.0 10.0 2.452350042172466 2.1543303464651244 1.98 1.760369737879807 1.760369737879807 1.6819803042926584 1.6157029825583515 1.4812983980794432 1.2466723333413885 
10.0 10.0 2.452350042172466 2.1543303464651244 1.98 1.760369737879807 1.760369737879807 1.6819803042926584 1.6157029825583515 1.4812983980794432 1.2466723333413885 1.1433529403858858 1.1233515881584817 1.1233515881584817 1.104239484515049 
10.0 10.0 10.0 10.0 10.0 2.452350042172466 2.1543303464651244 1.98 1.760369737879807 1.760369737879807 1.6819803042926584 1.6157029825583515 1.4812983980794432 1.2466723333413885 1.1433529403858858 
10.0 10.0 10.0 10.0 2.452350042172466 2.1543303464651244 1.98 1.760369737879807 1.760369737879807 1.6819803042926584 1.6157029825583515 1.4812983980794432 1.2466723333413885 1.1433529403858858 1.1233515881584817 
10.0 10.0 10.0 10.0 2.452350042172466 2.1543303464651244 1.98 1.760369737879807 1.760369737879807 1.6819803042926584 1.6157029825583515 1.2466723333413885 1.1433529403858858 1.1233515881584817 1.1233515881584817 
10.0 10.0 10.0 10.0 10.0 10.0 10.0 2.452350042172466 2.1543303464651244 1.98 1.760369737879807 1.760369737879807 1.6819803042926584 1.6157029825583515 1.4812983980794432 
10.0 10.0 10.0 10.0 2.452350042172466 2.1543303464651244 1.98 1.760369737879807 1.760369737879807 1.6819803042926584 1.6157029825583515 1.4812983980794432 1.2466723333413885 1.1433529403858858 1.1233515881584817 
10.0 10.0 10.0 10.0 10.0 10.0 10.0 10.0 2.452350042172466 2.1543303464651244 1.98 1.760369737879807 1.760369737879807 1.6819803042926584 1.6157029825583515 
10.0 10.0 10.0 10.0 10.0 10.0 2.452350042172466 2.1543303464651244 1.98 1.760369737879807 1.760369737879807 1.6819803042926584 1.6157029825583515 1.4812983980794432 1.2466723333413885 
10.0 10.0 10.0 10.0 10.0 10.0 10.0 2.452350042172466 2.1543303464651244 1.98 1.760369737879807 1.760369737879807 1.6819803042926584 1.6157029825583515 1.4812983980794432 
10.0 10.0 2.452350042172466 2.1543303464651244 1.98 1.760369737879807 1.760369737879807 1.6819803042926584 1.6157029825583515 1.4812983980794432 1.2466723333413885 1.1433529403858858 1.1233515881584817 1.1233515881584817 1.1213202028617724 
10.0 10.0 10.0 10.0 10.0 10.0 2.452350042172466 2.1543303464651244 1.98 1.760369737879807 1.760369737879807 1.6819803042926584 1.6157029825583515 1.4812983980794432 1.2466723333413885 
10.0 10.0 10.0 2.452350042172466 2.1543303464651244 1.98 1.760369737879807 1.760369737879807 1.6819803042926584 1.6157029825583515 1.4812983980794432 1.2466723333413885 1.1433529403858858 1.1233515881584817 1.1233515881584817 
10.0 10.0 10.0 10.0 10.0 10.0 2.452350042172466 2.1543303464651244 1.98 1.760369737879807 1.760369737879807 1.6819803042926584 1.6157029825583515 1.4812983980794432 1.2466723333413885 
10.0 10.0 10.0 10.0 2.452350042172466 2.1543303464651244 1.98 1.760369737879807 1.760369737879807 1.6819803042926584 1.6157029825583515 1.4812983980794432 1.2466723333413885 1.1433529403858858 1.1233515881584817 
10.0 10.0 10.0 10.0 2.452350042172466 2.1543303464651244 1.98 1.760369737879807 1.760369737879807 1.6819803042926584 1.6157029825583515 1.4812983980794432 1.2466723333413885 1.1433529403858858 1.1233515881584817 
10.0 10.0 10.0 10.0 10.0 10.0 2.452350042172466 2.1543303464651244 1.98 1.760369737879807 1.760369737879807 1.6819803042926584 1.6157029825583515 1.4812983980794432 1.2466723333413885 
10.0 10.0 10.0 10.0 2.452350042172466 2.1543303464651244 1.98 1.760369737879807 1.760369737879807 1.6819803042926584 1.6157029825583515 1.4812983980794432 1.2466723333413885 1.1433529403858858 1.1233515881584817 
10.0 10.0 10.0 10.0 10.0 10.0 10.0 2.452350042172466 2.1543303464651244 1.98 1.760369737879807 1.760369737879807 1.6819803042926584 1.6157029825583515 1.4812983980794432 
10.0 10.0 10.0 2.452350042172466 2.1543303464651244 1.98 1.760369737879807 1.760369737879807 1.6819803042926584 1.6157029825583515 1.4812983980794432 1.2466723333413885 1.1433529403858858 1.1233515881584817 1.1233515881584817 
10.0 10.0 10.0 10.0 2.452350042172466 2.1543303464651244 1.98 1.760369737879807 1.760369737879807 1.6819803042926584 1.6157029825583515 1.4812983980794432 1.2466723333413885 1.1433529403858858 1.1233515881584817 
10.0 10.0 10.0 10.0 2.452350042172466 2.1543303464651244 1.98 1.760369737879807 1.760369737879807 1.6819803042926584 1.6157029825583515 1.4812983980794432 1.2466723333413885 1.1433529403858858 1.1233515881584817 
10.0 10.0 10.0 2.452350042172466 2.1543303464651244 1.98 1.760369737879807 1.760369737879807 1.6819803042926584 1.6157029825583515 1.4812983980794432 1.2466723333413885 1.1433529403858858 1.1233515881584817 1.1233515881584817 
10.0 10.0 10.0 10.0 10.0 10.0 2.452350042172466 2.1543303464651244 1.98 1.760369737879807 1.760369737879807 1.6819803042926584 1.6157029825583515 1.4812983980794432 1.2466723333413885 
10.0 10.0 10.0 10.0 2.452350042172466 2.1543303464651244 1.98 1.760369737879807 1.760369737879807 1.6819803042926584 1.6157029825583515 1.4812983980794432 1.2466723333413885 1.1433529403858858 1.1233515881584817 
10.0 10.0 10.0 10.0 10.0 10.0 2.452350042172466 2.1543303464651244 1.98 1.760369737879807 1.760369737879807 1.6819803042926584 1.6157029825583515 1.4812983980794432 1.2466723333413885 
10.0 10.0 10.0 10.0 10.0 10.0 10.0 10.0 10.0 2.452350042172466 2.1543303464651244 1.98 1.760369737879807 1.760369737879807 1.6819803042926584 
10.0 10.0 10.0 10.0 10.0 2.452350042172466 2.1543303464651244 1.98 1.760369737879807 1.760369737879807 1.6819803042926584 1.6157029825583515 1.4812983980794432 1.2466723333413885 1.1433529403858858 
10.0 10.0 10.0 2.452350042172466 2.1543303464651244 1.98 1.760369737879807 1.760369737879807 1.6819803042926584 1.6157029825583515 1.4812983980794432 1.2466723333413885 1.1433529403858858 1.1233515881584817 1.1233515881584817 
10.0 10.0 10.0 10.0 10.0 10.0 2.452350042172466 2.1543303464651244 1.98 1.760369737879807 1.760369737879807 1.6819803042926584 1.6157029825583515 1.4812983980794432 1.2466723333413885 
10.0 10.0 10.0 10.0 2.452350042172466 2.1543303464651244 1.98 1.760369737879807 1.760369737879807 1.6819803042926584 1.6157029825583515 1.4812983980794432 1.2466723333413885 1.1433529403858858 1.1233515881584817 
10.0 10.0 2.452350042172466 2.1543303464651244 1.98 1.760369737879807 1.760369737879807 1.6819803042926584 1.6157029825583515 1.4812983980794432 1.2466723333413885 1.1433529403858858 1.1233515881584817 1.1233515881584817 1.104239484515049 
10.0 10.0 10.0 2.452350042172466 2.1543303464651244 1.98 1.760369737879807 1.760369737879807 1.6819803042926584 1.6157029825583515 1.4812983980794432 1.2466723333413885 1.1433529403858858 1.1233515881584817 1.1233515881584817 
10.0 10.0 10.0 2.452350042172466 2.1543303464651244 1.98 1.760369737879807 1.760369737879807 1.6819803042926584 1.6157029825583515 1.4812983980794432 1.2466723333413885 1.1433529403858858 1.1233515881584817 1.1233515881584817 
10.0 10.0 10.0 10.0 10.0 10.0 2.452350042172466 2.1543303464651244 1.98 1.760369737879807 1.760369737879807 1.6819803042926584 1.6157029825583515 1.2466723333413885 1.1433529403858858 
10.0 10.0 10.0 10.0 10.0 10.0 10.0 2.452350042172466 2.1543303464651244 1.98 1.760369737879807 1.760369737879807 1.6819803042926584 1.6157029825583515 1.4812983980794432 
10.0 10.0 10.0 10.0 10.0 2.452350042172466 2.1543303464651244 1.98 1.760369737879807 1.760369737879807 1.6819803042926584 1.6157029825583515 1.4812983980794432 1.2466723333413885 1.1433529403858858 
10.0 10.0 10.0 10.0 10.0 2.452350042172466 2.1543303464651244 1.98 1.760369737879807 1.760369737879807 1.6819803042926584 1.6157029825583515 1.2466723333413885 1.1433529403858858 1.1233515881584817 
10.0 10.0 10.0 2.452350042172466 2.1543303464651244 1.98 1.760369737879807 1.760369737879807 1.6819803042926584 1.6157029825583515 1.4812983980794432 1.2466723333413885 1.1433529403858858 1.1233515881584817 1.1233515881584817 
10.0 10.0 10.0 10.0 10.0 10.0 10.0 2.452350042172466 2.1543303464651244 1.98 1.760369737879807 1.760369737879807 1.6819803042926584 1.6157029825583515 1.2466723333413885 
10.0 10.0 10.0 10.0 10.0 10.0 10.0 10.0 10.0 2.452350042172466 2.1543303464651244 1.98 1.760369737879807 1.760369737879807 1.6819803042926584 
10.0 10.0 10.0 10.0 2.452350042172466 2.1543303464651244 1.98 1.760369737879807 1.760369737879807 1.6819803042926584 1.6157029825583515 1.4812983980794432 1.2466723333413885 1.1433529403858858 1.1233515881584817 
10.0 10.0 10.0 10.0 10.0 10.0 10.0 10.0 2.452350042172466 2.1543303464651244 1.98 1.760369737879807 1.760369737879807 1.6819803042926584 1.6157029825583515 
10.0 10.0 10.0 10.0 10.0 10.0 10.0 10.0 10.0 2.452350042172466 2.1543303464651244 1.98 1.760369737879807 1.760369737879807 1.6819803042926584 
10.0 10.0 10.0 10.0 10.0 2.452350042172466 2.1543303464651244 1.98 1.760369737879807 1.760369737879807 1.6819803042926584 1.6157029825583515 1.4812983980794432 1.2466723333413885 1.1433529403858858 
10.0 10.0 10.0 10.0 10.0 10.0 10.0 2.452350042172466 2.1543303464651244 1.98 1.760369737879807 1.760369737879807 1.6819803042926584 1.6157029825583515 1.4812983980794432 
10.0 10.0 10.0 10.0 10.0 2.452350042172466 2.1543303464651244 1.98 1.760369737879807 1.760369737879807 1.6819803042926584 1.6157029825583515 1.2466723333413885 1.1433529403858858 1.1233515881584817 
10.0 10.0 10.0 10.0 10.0 10.0 10.0 10.0 10.0 2.452350042172466 2.1543303464651244 1.98 1.760369737879807 1.760369737879807 1.6819803042926584 
10.0 10.0 2.452350042172466 2.1543303464651244 1.98 1.760369737879807 1.760369737879807 1.6819803042926584 1.6157029825583515 1.2466723333413885 1.1433529403858858 1.1233515881584817 1.1233515881584817 1.1213202028617724 1.104239484515049 
10.0 10.0 10.0 10.0 10.0 10.0 10.0 10.0 10.0 2.452350042172466 2.1543303464651244 1.98 1.760369737879807 1.760369737879807 1.6819803042926584 
10.0 10.0 10.0 10.0 10.0 10.0 10.0 10.0 2.452350042172466 2.1543303464651244 1.98 1.760369737879807 1.760369737879807 1.6819803042926584 1.6157029825583515 
10.0 10.0 10.0 10.0 10.0 10.0 10.0 10.0 2.452350042172466 2.1543303464651244 1.98 1.760369737879807 1.760369737879807 1.6819803042926584 1.6157029825583515 
10.0 10.0 10.0 10.0 2.452350042172466 2.1543303464651244 1.98 1.760369737879807 1.760369737879807 1.6819803042926584 1.6157029825583515 1.2466723333413885 1.1433529403858858 1.1233515881584817 1.1233515881584817 
10.0 10.0 10.0 10.0 10.0 10.0 10.0 10.0 10.0 10.0 10.0 2.452350042172466 2.1543303464651244 1.98 1.760369737879807 
10.0 10.0 10.0 10.0 10.0 10.0 10.0 10.0 10.0 10.0 10.0 10.0 2.452350042172466 2.1543303464651244 1.98 
10.0 10.0 10.0 10.0 10.0 2.452350042172466 2.1543303464651244 1.98 1.760369737879807 1.760369737879807 1.6819803042926584 1.6157029825583515 1.4812983980794432 1.2466723333413885 1.1433529403858858 
10.0 10.0 10.0 10.0 10.0 10.0 10.0 2.452350042172466 2.1543303464651244 1.98 1.760369737879807 1.760369737879807 1.6819803042926584 1.6157029825583515 1.4812983980794432 
10.0 10.0 10.0 10.0 2.452350042172466 2.1543303464651244 1.98 1.760369737879807 1.760369737879807 1.6819803042926584 1.6157029825583515 1.2466723333413885 1.1433529403858858 1.1233515881584817 1.1233515881584817 
10.0 10.0 10.0 10.0 10.0 2.452350042172466 2.1543303464651244 1.98 1.760369737879807 1.760369737879807 1.6819803042926584 1.6157029825583515 1.4812983980794432 1.2466723333413885 1.1433529403858858 
10.0 10.0 10.0 10.0 10.0 10.0 10.0 10.0 2.452350042172466 2.1543303464651244 1.98 1.760369737879807 1.760369737879807 1.6819803042926584 1.6157029825583515 
10.0 10.0 10.0 10.0 10.0 10.0 2.452350042172466 2.1543303464651244 1.98 1.760369737879807 1.760369737879807 1.6819803042926584 1.6157029825583515 1.4812983980794432 1.2466723333413885 
10.0 10.0 10.0 10.0 2.452350042172466 2.1543303464651244 1.98 1.760369737879807 1.760369737879807 1.6819803042926584 1.6157029825583515 1.4812983980794432 1.2466723333413885 1.1433529403858858 1.1233515881584817 
10.0 10.0 10.0 10.0 10.0 10.0 10.0 10.0 10.0 10.0 10.0 2.452350042172466 2.1543303464651244 1.98 1.760369737879807 
10.0 10.0 10.0 10.0 10.0 10.0 2.452350042172466 2.1543303464651244 1.98 1.760369737879807 1.760369737879807 1.6819803042926584 1.6157029825583515 1.4812983980794432 1.2466723333413885 
10.0 10.0 10.0 10.0 10.0 10.0 10.0 2.452350042172466 2.1543303464651244 1.98 1.760369737879807 1.760369737879807 1.6819803042926584 1.6157029825583515 1.4812983980794432 
10.0 10.0 10.0 10.0 10.0 10.0 10.0 10.0 10.0 10.0 2.452350042172466 2.1543303464651244 1.98 1.760369737879807 1.760369737879807 
10.0 10.0 10.0 10.0 10.0 10.0 2.452350042172466 2.1543303464651244 1.98 1.760369737879807 1.760369737879807 1.6819803042926584 1.6157029825583515 1.4812983980794432 1.2466723333413885 
10.0 2.452350042172466 2.1543303464651244 1.98 1.760369737879807 1.760369737879807 1.6819803042926584 1.6157029825583515 1.2466723333413885 1.1433529403858858 1.1233515881584817 1.1233515881584817 1.104239484515049 1.0352999156550682 1.0352999156550682 
10.0 10.0 10.0 10.0 2.452350042172466 2.1543303464651244 1.98 1.760369737879807 1.760369737879807 1.6819803042926584 1.6157029825583515 1.2466723333413885 1.1433529403858858 1.1233515881584817 1.1233515881584817 
10.0 10.0 10.0 10.0 10.0 10.0 10.0 10.0 10.0 10.0 2.452350042172466 2.1543303464651244 1.98 1.760369737879807 1.760369737879807 
10.0 10.0 10.0 10.0 2.452350042172466 2.1543303464651244 1.98 1.760369737879807 1.760369737879807 1.6819803042926584 1.6157029825583515 1.4812983980794432 1.2466723333413885 1.1433529403858858 1.1233515881584817 
10.0 2.452350042172466 2.1543303464651244 1.98 1.760369737879807 1.760369737879807 1.6819803042926584 1.6157029825583515 1.2466723333413885 1.1433529403858858 1.1233515881584817 1.1233515881584817 1.104239484515049 1.0352999156550682 1.0352999156550682 
10.0 10.0 10.0 10.0 2.452350042172466 2.1543303464651244 1.98 1.760369737879807 1.760369737879807 1.6819803042926584 1.6157029825583515 1.4812983980794432 1.2466723333413885 1.1433529403858858 1.1233515881584817 
10.0 10.0 10.0 10.0 10.0 2.452350042172466 2.1543303464651244 1.98 1.760369737879807 1.760369737879807 1.6819803042926584 1.6157029825583515 1.4812983980794432 1.2466723333413885 1.1433529403858858 
10.0 10.0 10.0 10.0 10.0 2.452350042172466 2.1543303464651244 1.98 1.760369737879807 1.760369737879807 1.6819803042926584 1.6157029825583515 1.4812983980794432 1.2466723333413885 1.1433529403858858 
10.0 10.0 10.0 10.0 10.0 10.0 2.452350042172466 2.1543303464651244 1.98 1.760369737879807 1.760369737879807 1.6819803042926584 1.6157029825583515 1.4812983980794432 1.2466723333413885 
10.0 10.0 10.0 2.452350042172466 2.1543303464651244 1.98 1.760369737879807 1.760369737879807 1.6819803042926584 1.6157029825583515 1.4812983980794432 1.2466723333413885 1.1433529403858858 1.1233515881584817 1.1233515881584817 
10.0 10.0 10.0 2.452350042172466 2.1543303464651244 1.98 1.760369737879807 1.760369737879807 1.6819803042926584 1.6157029825583515 1.4812983980794432 1.2466723333413885 1.1433529403858858 1.1233515881584817 1.1233515881584817 
10.0 10.0 10.0 2.452350042172466 2.1543303464651244 1.98 1.760369737879807 1.760369737879807 1.6819803042926584 1.6157029825583515 1.2466723333413885 1.1433529403858858 1.1233515881584817 1.1233515881584817 1.1213202028617724 
10.0 10.0 10.0 10.0 2.452350042172466 2.1543303464651244 1.98 1.760369737879807 1.760369737879807 1.6819803042926584 1.6157029825583515 1.2466723333413885 1.1433529403858858 1.1233515881584817 1.1233515881584817 
10.0 10.0 10.0 2.452350042172466 2.1543303464651244 1.98 1.760369737879807 1.760369737879807 1.6819803042926584 1.6157029825583515 1.2466723333413885 1.1433529403858858 1.1233515881584817 1.1233515881584817 1.1213202028617724 
10.0 10.0 10.0 10.0 10.0 10.0 10.0 2.452350042172466 2.1543303464651244 1.98 1.760369737879807 1.760369737879807 1.6819803042926584 1.6157029825583515 1.2466723333413885 
10.0 10.0 2.452350042172466 2.1543303464651244 1.98 1.760369737879807 1.760369737879807 1.6819803042926584 1.6157029825583515 1.2466723333413885 1.1433529403858858 1.1233515881584817 1.1233515881584817 1.104239484515049 1.0791812460476249 
10.0 10.0 10.0 10.0 10.0 10.0 10.0 10.0 1.4812983980794432 1.2466723333413885 1.1213202028617724 1.0791812460476249 0.9165348642462752 0.9139583288033861 0.806276343258431 
10.0 10.0 10.0 2.452350042172466 2.1543303464651244 1.98 1.760369737879807 1.760369737879807 1.6819803042926584 1.6157029825583515 1.4812983980794432 1.2466723333413885 1.1433529403858858 1.1233515881584817 1.1233515881584817 
10.0 10.0 10.0 10.0 10.0 10.0 2.452350042172466 2.1543303464651244 1.98 1.760369737879807 1.760369737879807 1.6819803042926584 1.6157029825583515 1.4812983980794432 1.2466723333413885 
10.0 10.0 10.0 10.0 2.452350042172466 2.1543303464651244 1.98 1.760369737879807 1.760369737879807 1.6819803042926584 1.6157029825583515 1.2466723333413885 1.1433529403858858 1.1233515881584817 1.1233515881584817 
10.0 10.0 10.0 10.0 2.452350042172466 2.1543303464651244 1.98 1.760369737879807 1.760369737879807 1.6819803042926584 1.6157029825583515 1.4812983980794432 1.2466723333413885 1.1433529403858858 1.1233515881584817 
10.0 10.0 10.0 10.0 10.0 10.0 10.0 2.452350042172466 2.1543303464651244 1.98 1.760369737879807 1.760369737879807 1.6819803042926584 1.6157029825583515 1.2466723333413885 
